<?xml version="1.0" encoding="utf-8" standalone="no"?>
<!DOCTYPE svg PUBLIC "-//W3C//DTD SVG 1.1//EN"
  "http://www.w3.org/Graphics/SVG/1.1/DTD/svg11.dtd">
<svg xmlns:xlink="http://www.w3.org/1999/xlink" width="568.8pt" height="582.937295pt" viewBox="0 0 568.8 582.937295" xmlns="http://www.w3.org/2000/svg" version="1.1">
 <metadata>
  <rdf:RDF xmlns:dc="http://purl.org/dc/elements/1.1/" xmlns:cc="http://creativecommons.org/ns#" xmlns:rdf="http://www.w3.org/1999/02/22-rdf-syntax-ns#">
   <cc:Work>
    <dc:type rdf:resource="http://purl.org/dc/dcmitype/StillImage"/>
    <dc:date>2023-08-17T16:25:54.241175</dc:date>
    <dc:format>image/svg+xml</dc:format>
    <dc:creator>
     <cc:Agent>
      <dc:title>Matplotlib v3.7.1, https://matplotlib.org/</dc:title>
     </cc:Agent>
    </dc:creator>
   </cc:Work>
  </rdf:RDF>
 </metadata>
 <defs>
  <style type="text/css">*{stroke-linejoin: round; stroke-linecap: butt}</style>
 </defs>
 <g id="figure_1">
  <g id="patch_1">
   <path d="M 0 582.937295 
L 568.8 582.937295 
L 568.8 0 
L 0 0 
z
" style="fill: #ffffff"/>
  </g>
  <g id="axes_1">
   <g id="patch_2">
    <path d="M 561.6 298.537295 
C 561.6 262.135724 554.429684 226.088113 540.499406 192.457447 
C 526.569128 158.826781 506.149797 128.267092 480.41 102.527295 
C 454.670202 76.787497 424.110513 56.368166 390.479847 42.437888 
C 356.849182 28.50761 320.80157 21.337295 284.4 21.337295 
C 247.99843 21.337295 211.950818 28.50761 178.320153 42.437888 
C 144.689487 56.368166 114.129798 76.787497 88.39 102.527295 
C 62.650203 128.267092 42.230872 158.826781 28.300594 192.457447 
C 14.370316 226.088113 7.2 262.135724 7.2 298.537295 
C 7.2 334.938865 14.370316 370.986476 28.300594 404.617142 
C 42.230872 438.247808 62.650203 468.807497 88.39 494.547294 
C 114.129798 520.287092 144.689487 540.706423 178.320153 554.636701 
C 211.950818 568.566979 247.99843 575.737295 284.4 575.737295 
C 320.80157 575.737295 356.849182 568.566979 390.479847 554.636701 
C 424.110513 540.706423 454.670202 520.287092 480.41 494.547294 
C 506.149797 468.807497 526.569128 438.247808 540.499406 404.617142 
C 554.429684 370.986476 561.6 334.938865 561.6 298.537295 
M 284.4 298.537295 
C 284.4 298.537295 284.4 298.537295 284.4 298.537295 
C 284.4 298.537295 284.4 298.537295 284.4 298.537295 
C 284.4 298.537295 284.4 298.537295 284.4 298.537295 
C 284.4 298.537295 284.4 298.537295 284.4 298.537295 
C 284.4 298.537295 284.4 298.537295 284.4 298.537295 
C 284.4 298.537295 284.4 298.537295 284.4 298.537295 
C 284.4 298.537295 284.4 298.537295 284.4 298.537295 
C 284.4 298.537295 284.4 298.537295 284.4 298.537295 
C 284.4 298.537295 284.4 298.537295 284.4 298.537295 
C 284.4 298.537295 284.4 298.537295 284.4 298.537295 
C 284.4 298.537295 284.4 298.537295 284.4 298.537295 
C 284.4 298.537295 284.4 298.537295 284.4 298.537295 
C 284.4 298.537295 284.4 298.537295 284.4 298.537295 
C 284.4 298.537295 284.4 298.537295 284.4 298.537295 
C 284.4 298.537295 284.4 298.537295 284.4 298.537295 
C 284.4 298.537295 284.4 298.537295 284.4 298.537295 
z
" style="fill: #ffffff"/>
   </g>
   <g id="matplotlib.axis_1">
    <g id="xtick_1">
     <g id="line2d_1">
      <path d="M 284.4 298.537295 
L 178.320153 42.437888 
" clip-path="url(#p62ecfb2772)" style="fill: none; stroke: #000000; stroke-width: 0.5; stroke-linecap: round"/>
     </g>
    </g>
    <g id="xtick_2">
     <g id="line2d_2">
      <path d="M 284.4 298.537295 
L 28.300594 192.457447 
" clip-path="url(#p62ecfb2772)" style="fill: none; stroke: #000000; stroke-width: 0.5; stroke-linecap: round"/>
     </g>
    </g>
    <g id="xtick_3">
     <g id="line2d_3">
      <path d="M 284.4 298.537295 
L 28.300594 404.617142 
" clip-path="url(#p62ecfb2772)" style="fill: none; stroke: #000000; stroke-width: 0.5; stroke-linecap: round"/>
     </g>
    </g>
    <g id="xtick_4">
     <g id="line2d_4">
      <path d="M 284.4 298.537295 
L 178.320153 554.636701 
" clip-path="url(#p62ecfb2772)" style="fill: none; stroke: #000000; stroke-width: 0.5; stroke-linecap: round"/>
     </g>
    </g>
    <g id="xtick_5">
     <g id="line2d_5">
      <path d="M 284.4 298.537295 
L 390.479847 554.636701 
" clip-path="url(#p62ecfb2772)" style="fill: none; stroke: #000000; stroke-width: 0.5; stroke-linecap: round"/>
     </g>
    </g>
    <g id="xtick_6">
     <g id="line2d_6">
      <path d="M 284.4 298.537295 
L 540.499406 404.617142 
" clip-path="url(#p62ecfb2772)" style="fill: none; stroke: #000000; stroke-width: 0.5; stroke-linecap: round"/>
     </g>
    </g>
    <g id="xtick_7">
     <g id="line2d_7">
      <path d="M 284.4 298.537295 
L 540.499406 192.457447 
" clip-path="url(#p62ecfb2772)" style="fill: none; stroke: #000000; stroke-width: 0.5; stroke-linecap: round"/>
     </g>
    </g>
    <g id="xtick_8">
     <g id="line2d_8">
      <path d="M 284.4 298.537295 
L 390.479847 42.437888 
" clip-path="url(#p62ecfb2772)" style="fill: none; stroke: #000000; stroke-width: 0.5; stroke-linecap: round"/>
     </g>
    </g>
   </g>
   <g id="matplotlib.axis_2">
    <g id="ytick_1">
     <g id="line2d_9">
      <path d="M 284.4 298.537295 
C 284.4 298.537295 284.4 298.537295 284.4 298.537295 
C 284.4 298.537295 284.4 298.537295 284.4 298.537295 
C 284.4 298.537295 284.4 298.537295 284.4 298.537295 
C 284.4 298.537295 284.4 298.537295 284.4 298.537295 
C 284.4 298.537295 284.4 298.537295 284.4 298.537295 
C 284.4 298.537295 284.4 298.537295 284.4 298.537295 
C 284.4 298.537295 284.4 298.537295 284.4 298.537295 
C 284.4 298.537295 284.4 298.537295 284.4 298.537295 
C 284.4 298.537295 284.4 298.537295 284.4 298.537295 
C 284.4 298.537295 284.4 298.537295 284.4 298.537295 
C 284.4 298.537295 284.4 298.537295 284.4 298.537295 
C 284.4 298.537295 284.4 298.537295 284.4 298.537295 
C 284.4 298.537295 284.4 298.537295 284.4 298.537295 
C 284.4 298.537295 284.4 298.537295 284.4 298.537295 
C 284.4 298.537295 284.4 298.537295 284.4 298.537295 
C 284.4 298.537295 284.4 298.537295 284.4 298.537295 
" clip-path="url(#p62ecfb2772)" style="fill: none; stroke: #000000; stroke-width: 0.5; stroke-linecap: round"/>
     </g>
     <g id="text_1">
      <!-- 0 -->
      <g style="fill: #262626" transform="translate(284.4 295.417763) scale(0.15 -0.15)">
       <defs>
        <path id="DejaVuSans-30" d="M 2034 4250 
Q 1547 4250 1301 3770 
Q 1056 3291 1056 2328 
Q 1056 1369 1301 889 
Q 1547 409 2034 409 
Q 2525 409 2770 889 
Q 3016 1369 3016 2328 
Q 3016 3291 2770 3770 
Q 2525 4250 2034 4250 
z
M 2034 4750 
Q 2819 4750 3233 4129 
Q 3647 3509 3647 2328 
Q 3647 1150 3233 529 
Q 2819 -91 2034 -91 
Q 1250 -91 836 529 
Q 422 1150 422 2328 
Q 422 3509 836 4129 
Q 1250 4750 2034 4750 
z
" transform="scale(0.015625)"/>
       </defs>
       <use xlink:href="#DejaVuSans-30"/>
      </g>
     </g>
    </g>
    <g id="ytick_2">
     <g id="line2d_10">
      <path d="M 263.184031 247.317413 
C 256.457897 250.103469 250.34596 254.187335 245.198 259.335295 
C 240.050041 264.483254 235.966174 270.595192 233.180119 277.321325 
C 230.394063 284.047458 228.96 291.25698 228.96 298.537295 
C 228.96 305.817609 230.394063 313.027131 233.180119 319.753264 
C 235.966174 326.479397 240.050041 332.591335 245.198 337.739294 
C 250.34596 342.887254 256.457897 346.97112 263.184031 349.757176 
C 269.910164 352.543231 277.119686 353.977295 284.4 353.977295 
C 291.680314 353.977295 298.889836 352.543231 305.615969 349.757176 
C 312.342103 346.97112 318.45404 342.887254 323.602 337.739294 
C 328.749959 332.591335 332.833826 326.479397 335.619881 319.753264 
C 338.405937 313.027131 339.84 305.817609 339.84 298.537295 
C 339.84 291.25698 338.405937 284.047458 335.619881 277.321325 
C 332.833826 270.595192 328.749959 264.483254 323.602 259.335295 
C 318.45404 254.187335 312.342103 250.103469 305.615969 247.317413 
C 298.889836 244.531358 291.680314 243.097295 284.4 243.097295 
C 277.119686 243.097295 269.910164 244.531358 263.184031 247.317413 
" clip-path="url(#p62ecfb2772)" style="fill: none; stroke: #000000; stroke-width: 0.5; stroke-linecap: round"/>
     </g>
     <g id="text_2">
      <!-- 20 -->
      <g style="fill: #262626" transform="translate(281.498495 240.053742) scale(0.15 -0.15)">
       <defs>
        <path id="DejaVuSans-32" d="M 1228 531 
L 3431 531 
L 3431 0 
L 469 0 
L 469 531 
Q 828 903 1448 1529 
Q 2069 2156 2228 2338 
Q 2531 2678 2651 2914 
Q 2772 3150 2772 3378 
Q 2772 3750 2511 3984 
Q 2250 4219 1831 4219 
Q 1534 4219 1204 4116 
Q 875 4013 500 3803 
L 500 4441 
Q 881 4594 1212 4672 
Q 1544 4750 1819 4750 
Q 2544 4750 2975 4387 
Q 3406 4025 3406 3419 
Q 3406 3131 3298 2873 
Q 3191 2616 2906 2266 
Q 2828 2175 2409 1742 
Q 1991 1309 1228 531 
z
" transform="scale(0.015625)"/>
       </defs>
       <use xlink:href="#DejaVuSans-32"/>
       <use xlink:href="#DejaVuSans-30" x="63.623047"/>
      </g>
     </g>
    </g>
    <g id="ytick_3">
     <g id="line2d_11">
      <path d="M 241.968061 196.097532 
C 228.515795 201.669643 216.291919 209.837376 205.996 220.133295 
C 195.700081 230.429214 187.532349 242.653089 181.960237 256.105356 
C 176.388126 269.557622 173.52 283.976666 173.52 298.537295 
C 173.52 313.097923 176.388126 327.516967 181.960237 340.969234 
C 187.532349 354.4215 195.700081 366.645376 205.996 376.941294 
C 216.291919 387.237213 228.515795 395.404946 241.968061 400.977057 
C 255.420327 406.549168 269.839372 409.417295 284.4 409.417295 
C 298.960628 409.417295 313.379673 406.549168 326.831939 400.977057 
C 340.284205 395.404946 352.508081 387.237213 362.804 376.941294 
C 373.099919 366.645376 381.267651 354.4215 386.839763 340.969234 
C 392.411874 327.516967 395.28 313.097923 395.28 298.537295 
C 395.28 283.976666 392.411874 269.557622 386.839763 256.105356 
C 381.267651 242.653089 373.099919 230.429214 362.804 220.133295 
C 352.508081 209.837376 340.284205 201.669643 326.831939 196.097532 
C 313.379673 190.525421 298.960628 187.657295 284.4 187.657295 
C 269.839372 187.657295 255.420327 190.525421 241.968061 196.097532 
" clip-path="url(#p62ecfb2772)" style="fill: none; stroke: #000000; stroke-width: 0.5; stroke-linecap: round"/>
     </g>
     <g id="text_3">
      <!-- 40 -->
      <g style="fill: #262626" transform="translate(278.596989 184.68972) scale(0.15 -0.15)">
       <defs>
        <path id="DejaVuSans-34" d="M 2419 4116 
L 825 1625 
L 2419 1625 
L 2419 4116 
z
M 2253 4666 
L 3047 4666 
L 3047 1625 
L 3713 1625 
L 3713 1100 
L 3047 1100 
L 3047 0 
L 2419 0 
L 2419 1100 
L 313 1100 
L 313 1709 
L 2253 4666 
z
" transform="scale(0.015625)"/>
       </defs>
       <use xlink:href="#DejaVuSans-34"/>
       <use xlink:href="#DejaVuSans-30" x="63.623047"/>
      </g>
     </g>
    </g>
    <g id="ytick_4">
     <g id="line2d_12">
      <path d="M 220.752092 144.877651 
C 200.573692 153.235817 182.237879 165.487416 166.794 180.931295 
C 151.350122 196.375173 139.098523 214.710987 130.740356 234.889386 
C 122.382189 255.067786 118.08 276.696352 118.08 298.537295 
C 118.08 320.378237 122.382189 342.006803 130.740356 362.185203 
C 139.098523 382.363603 151.350122 400.699416 166.794 416.143294 
C 182.237879 431.587173 200.573692 443.838772 220.752092 452.196938 
C 240.930491 460.555105 262.559058 464.857295 284.4 464.857295 
C 306.240942 464.857295 327.869509 460.555105 348.047908 452.196938 
C 368.226308 443.838772 386.562121 431.587173 402.006 416.143294 
C 417.449878 400.699416 429.701477 382.363603 438.059644 362.185203 
C 446.417811 342.006803 450.72 320.378237 450.72 298.537295 
C 450.72 276.696352 446.417811 255.067786 438.059644 234.889386 
C 429.701477 214.710987 417.449878 196.375173 402.006 180.931295 
C 386.562121 165.487416 368.226308 153.235817 348.047908 144.877651 
C 327.869509 136.519484 306.240942 132.217295 284.4 132.217295 
C 262.559058 132.217295 240.930491 136.519484 220.752092 144.877651 
" clip-path="url(#p62ecfb2772)" style="fill: none; stroke: #000000; stroke-width: 0.5; stroke-linecap: round"/>
     </g>
     <g id="text_4">
      <!-- 60 -->
      <g style="fill: #262626" transform="translate(275.695484 129.325699) scale(0.15 -0.15)">
       <defs>
        <path id="DejaVuSans-36" d="M 2113 2584 
Q 1688 2584 1439 2293 
Q 1191 2003 1191 1497 
Q 1191 994 1439 701 
Q 1688 409 2113 409 
Q 2538 409 2786 701 
Q 3034 994 3034 1497 
Q 3034 2003 2786 2293 
Q 2538 2584 2113 2584 
z
M 3366 4563 
L 3366 3988 
Q 3128 4100 2886 4159 
Q 2644 4219 2406 4219 
Q 1781 4219 1451 3797 
Q 1122 3375 1075 2522 
Q 1259 2794 1537 2939 
Q 1816 3084 2150 3084 
Q 2853 3084 3261 2657 
Q 3669 2231 3669 1497 
Q 3669 778 3244 343 
Q 2819 -91 2113 -91 
Q 1303 -91 875 529 
Q 447 1150 447 2328 
Q 447 3434 972 4092 
Q 1497 4750 2381 4750 
Q 2619 4750 2861 4703 
Q 3103 4656 3366 4563 
z
" transform="scale(0.015625)"/>
       </defs>
       <use xlink:href="#DejaVuSans-36"/>
       <use xlink:href="#DejaVuSans-30" x="63.623047"/>
      </g>
     </g>
    </g>
    <g id="ytick_5">
     <g id="line2d_13">
      <path d="M 199.536122 93.657769 
C 172.631589 104.801992 148.183838 121.137457 127.592 141.729295 
C 107.000162 162.321133 90.664697 186.768884 79.520475 213.673417 
C 68.376253 240.577949 62.64 269.416038 62.64 298.537295 
C 62.64 327.658551 68.376253 356.49664 79.520475 383.401172 
C 90.664697 410.305705 107.000162 434.753456 127.592 455.345294 
C 148.183838 475.937132 172.631589 492.272597 199.536122 503.41682 
C 226.440655 514.561042 255.278744 520.297295 284.4 520.297295 
C 313.521256 520.297295 342.359345 514.561042 369.263878 503.41682 
C 396.168411 492.272597 420.616162 475.937132 441.208 455.345294 
C 461.799838 434.753456 478.135303 410.305705 489.279525 383.401172 
C 500.423747 356.49664 506.16 327.658551 506.16 298.537295 
C 506.16 269.416038 500.423747 240.577949 489.279525 213.673417 
C 478.135303 186.768884 461.799838 162.321133 441.208 141.729295 
C 420.616162 121.137457 396.168411 104.801992 369.263878 93.657769 
C 342.359345 82.513547 313.521256 76.777295 284.4 76.777295 
C 255.278744 76.777295 226.440655 82.513547 199.536122 93.657769 
" clip-path="url(#p62ecfb2772)" style="fill: none; stroke: #000000; stroke-width: 0.5; stroke-linecap: round"/>
     </g>
     <g id="text_5">
      <!-- 80 -->
      <g style="fill: #262626" transform="translate(272.793978 73.961678) scale(0.15 -0.15)">
       <defs>
        <path id="DejaVuSans-38" d="M 2034 2216 
Q 1584 2216 1326 1975 
Q 1069 1734 1069 1313 
Q 1069 891 1326 650 
Q 1584 409 2034 409 
Q 2484 409 2743 651 
Q 3003 894 3003 1313 
Q 3003 1734 2745 1975 
Q 2488 2216 2034 2216 
z
M 1403 2484 
Q 997 2584 770 2862 
Q 544 3141 544 3541 
Q 544 4100 942 4425 
Q 1341 4750 2034 4750 
Q 2731 4750 3128 4425 
Q 3525 4100 3525 3541 
Q 3525 3141 3298 2862 
Q 3072 2584 2669 2484 
Q 3125 2378 3379 2068 
Q 3634 1759 3634 1313 
Q 3634 634 3220 271 
Q 2806 -91 2034 -91 
Q 1263 -91 848 271 
Q 434 634 434 1313 
Q 434 1759 690 2068 
Q 947 2378 1403 2484 
z
M 1172 3481 
Q 1172 3119 1398 2916 
Q 1625 2713 2034 2713 
Q 2441 2713 2670 2916 
Q 2900 3119 2900 3481 
Q 2900 3844 2670 4047 
Q 2441 4250 2034 4250 
Q 1625 4250 1398 4047 
Q 1172 3844 1172 3481 
z
" transform="scale(0.015625)"/>
       </defs>
       <use xlink:href="#DejaVuSans-38"/>
       <use xlink:href="#DejaVuSans-30" x="63.623047"/>
      </g>
     </g>
    </g>
    <g id="ytick_6">
     <g id="line2d_14">
      <path d="M 178.320153 42.437888 
C 144.689487 56.368166 114.129798 76.787497 88.39 102.527295 
C 62.650203 128.267092 42.230872 158.826781 28.300594 192.457447 
C 14.370316 226.088113 7.2 262.135724 7.2 298.537295 
C 7.2 334.938865 14.370316 370.986476 28.300594 404.617142 
C 42.230872 438.247808 62.650203 468.807497 88.39 494.547294 
C 114.129798 520.287092 144.689487 540.706423 178.320153 554.636701 
C 211.950818 568.566979 247.99843 575.737295 284.4 575.737295 
C 320.80157 575.737295 356.849182 568.566979 390.479847 554.636701 
C 424.110513 540.706423 454.670202 520.287092 480.41 494.547294 
C 506.149797 468.807497 526.569128 438.247808 540.499406 404.617142 
C 554.429684 370.986476 561.6 334.938865 561.6 298.537295 
C 561.6 262.135724 554.429684 226.088113 540.499406 192.457447 
C 526.569128 158.826781 506.149797 128.267092 480.41 102.527295 
C 454.670202 76.787497 424.110513 56.368166 390.479847 42.437888 
C 356.849182 28.50761 320.80157 21.337295 284.4 21.337295 
C 247.99843 21.337295 211.950818 28.50761 178.320153 42.437888 
" clip-path="url(#p62ecfb2772)" style="fill: none; stroke: #000000; stroke-width: 0.5; stroke-linecap: round"/>
     </g>
     <g id="text_6">
      <!-- 100 -->
      <g style="fill: #262626" transform="translate(269.892473 18.597656) scale(0.15 -0.15)">
       <defs>
        <path id="DejaVuSans-31" d="M 794 531 
L 1825 531 
L 1825 4091 
L 703 3866 
L 703 4441 
L 1819 4666 
L 2450 4666 
L 2450 531 
L 3481 531 
L 3481 0 
L 794 0 
L 794 531 
z
" transform="scale(0.015625)"/>
       </defs>
       <use xlink:href="#DejaVuSans-31"/>
       <use xlink:href="#DejaVuSans-30" x="63.623047"/>
       <use xlink:href="#DejaVuSans-30" x="127.246094"/>
      </g>
     </g>
    </g>
   </g>
   <g id="line2d_15">
    <path d="M 206.855632 111.328628 
L 137.65504 237.753542 
L 115.886591 368.337834 
L 193.551609 517.864713 
L 364.814305 492.674601 
L 382.486073 339.165876 
L 360.205424 267.13766 
L 369.263878 93.657769 
L 206.855632 111.328628 
" clip-path="url(#p62ecfb2772)" style="fill: none; stroke: #5402a3; stroke-width: 1.5; stroke-linecap: round"/>
   </g>
   <g id="line2d_16">
    <path d="M 202.930677 101.85295 
L 137.91114 237.859622 
L 128.691561 363.033842 
L 191.251771 523.417013 
L 368.557672 501.711888 
L 347.656553 324.739017 
L 385.303166 256.741835 
L 372.552353 85.718688 
L 202.930677 101.85295 
" clip-path="url(#p62ecfb2772)" style="fill: none; stroke: #db5b68; stroke-width: 1.5; stroke-linecap: round"/>
   </g>
   <g id="patch_3">
    <path d="M 178.320153 42.437888 
C 144.689487 56.368166 114.129798 76.787497 88.39 102.527295 
C 62.650203 128.267092 42.230872 158.826781 28.300594 192.457447 
C 14.370316 226.088113 7.2 262.135724 7.2 298.537295 
C 7.2 334.938865 14.370316 370.986476 28.300594 404.617142 
C 42.230872 438.247808 62.650203 468.807497 88.39 494.547294 
C 114.129798 520.287092 144.689487 540.706423 178.320153 554.636701 
C 211.950818 568.566979 247.99843 575.737295 284.4 575.737295 
C 320.80157 575.737295 356.849182 568.566979 390.479847 554.636701 
C 424.110513 540.706423 454.670202 520.287092 480.41 494.547294 
C 506.149797 468.807497 526.569128 438.247808 540.499406 404.617142 
C 554.429684 370.986476 561.6 334.938865 561.6 298.537295 
C 561.6 262.135724 554.429684 226.088113 540.499406 192.457447 
C 526.569128 158.826781 506.149797 128.267092 480.41 102.527295 
C 454.670202 76.787497 424.110513 56.368166 390.479847 42.437888 
C 356.849182 28.50761 320.80157 21.337295 284.4 21.337295 
C 247.99843 21.337295 211.950818 28.50761 178.320153 42.437888 
" style="fill: none; stroke: #000000; stroke-width: 0.5; stroke-linejoin: miter; stroke-linecap: square"/>
   </g>
   <g id="patch_4">
    <path d="M 206.855632 111.328628 
L 137.65504 237.753542 
L 115.886591 368.337834 
L 193.551609 517.864713 
L 364.814305 492.674601 
L 382.486073 339.165876 
L 360.205424 267.13766 
L 369.263878 93.657769 
L 206.855632 111.328628 
z
" clip-path="url(#p62ecfb2772)" style="fill: #5402a3; opacity: 0.3; stroke: #5402a3; stroke-linejoin: miter"/>
   </g>
   <g id="patch_5">
    <path d="M 202.930677 101.85295 
L 137.91114 237.859622 
L 128.691561 363.033842 
L 191.251771 523.417013 
L 368.557672 501.711888 
L 347.656553 324.739017 
L 385.303166 256.741835 
L 372.552353 85.718688 
L 202.930677 101.85295 
z
" clip-path="url(#p62ecfb2772)" style="fill: #db5b68; opacity: 0.3; stroke: #db5b68; stroke-linejoin: miter"/>
   </g>
  </g>
 </g>
 <defs>
  <clipPath id="p62ecfb2772">
   <path d="M 561.6 298.537295 
C 561.6 262.135724 554.429684 226.088113 540.499406 192.457447 
C 526.569128 158.826781 506.149797 128.267092 480.41 102.527295 
C 454.670202 76.787497 424.110513 56.368166 390.479847 42.437888 
C 356.849182 28.50761 320.80157 21.337295 284.4 21.337295 
C 247.99843 21.337295 211.950818 28.50761 178.320153 42.437888 
C 144.689487 56.368166 114.129798 76.787497 88.39 102.527295 
C 62.650203 128.267092 42.230872 158.826781 28.300594 192.457447 
C 14.370316 226.088113 7.2 262.135724 7.2 298.537295 
C 7.2 334.938865 14.370316 370.986476 28.300594 404.617142 
C 42.230872 438.247808 62.650203 468.807497 88.39 494.547294 
C 114.129798 520.287092 144.689487 540.706423 178.320153 554.636701 
C 211.950818 568.566979 247.99843 575.737295 284.4 575.737295 
C 320.80157 575.737295 356.849182 568.566979 390.479847 554.636701 
C 424.110513 540.706423 454.670202 520.287092 480.41 494.547294 
C 506.149797 468.807497 526.569128 438.247808 540.499406 404.617142 
C 554.429684 370.986476 561.6 334.938865 561.6 298.537295 
M 284.4 298.537295 
C 284.4 298.537295 284.4 298.537295 284.4 298.537295 
C 284.4 298.537295 284.4 298.537295 284.4 298.537295 
C 284.4 298.537295 284.4 298.537295 284.4 298.537295 
C 284.4 298.537295 284.4 298.537295 284.4 298.537295 
C 284.4 298.537295 284.4 298.537295 284.4 298.537295 
C 284.4 298.537295 284.4 298.537295 284.4 298.537295 
C 284.4 298.537295 284.4 298.537295 284.4 298.537295 
C 284.4 298.537295 284.4 298.537295 284.4 298.537295 
C 284.4 298.537295 284.4 298.537295 284.4 298.537295 
C 284.4 298.537295 284.4 298.537295 284.4 298.537295 
C 284.4 298.537295 284.4 298.537295 284.4 298.537295 
C 284.4 298.537295 284.4 298.537295 284.4 298.537295 
C 284.4 298.537295 284.4 298.537295 284.4 298.537295 
C 284.4 298.537295 284.4 298.537295 284.4 298.537295 
C 284.4 298.537295 284.4 298.537295 284.4 298.537295 
C 284.4 298.537295 284.4 298.537295 284.4 298.537295 
z
"/>
  </clipPath>
 </defs>
</svg>
